21
0.00    0.00
0.25    0.00
0.50    0.00
0.75    0.00
1.00    0.00
0.50    0.25
0.75    0.25
1.00    0.25
0.00    0.50
0.25    0.50
0.50    0.50
0.75    0.50
1.00    0.50
0.50    0.75
0.75    0.75
1.00    0.75
0.00    1.00
0.25    1.00
0.50    1.00
0.75    1.00
1.00    1.00
16
4   0   0 1 9 8
5   0   1 2 5 10 9
3   0   2 6 5
3   0   2 3 6
3   0   3 7 6
3   0   3 4 7
3   0   5 11 10
3   0   5 6 11
3   0   6 12 11
3   0   6 7 12
4   0   8 9 17 16
5   0   9 10 13 18 17
4   0   10 11 14 13
4   0   11 12 15 14
4   0   13 14 19 18
4   0   14 15 20 19
14
0   0 1
0   1 2
0   2 3
0   3 4
0   4 7
0   7 12
0   12 15
0   15 20
0   19 20
0   18 19
0   17 18
0   16 17
0   8 16
0   0 8

