25
0.00	0.00
0.25	0.00
0.50	0.00
0.75	0.00
1.00	0.00
0.00	0.25
0.25	0.25
0.50	0.25
0.75	0.25
1.00	0.25
0.00	0.50
0.25	0.50
0.50	0.50
0.75	0.50
1.00	0.50
0.00	0.75
0.25	0.75
0.50	0.75
0.75	0.75
1.00	0.75
0.00	1.00
0.25	1.00
0.50	1.00
0.75	1.00
1.00	1.00
10
4	0	0 1 6 5
8	0	1 2 7 6 11 10 5 6
8	0	2 3 8 7 12 11 6 7
8 	0	3 4 9 8 13 12 7 8
8	0	8 9 14 13 18 17 12 13
4 	0 	10 11 16 15
8	0	11 12 17 16 21 20 15 16
4 	0	16 17 22 21
8	0	13 14 19 18 23 22 17 18
4	0	18 19 24 23
16
0	0 1
0	1 2
0	2 3
0 	3 4
0 	4 9
0	9 14
0	14 19
0	19 24
0 	23 24
0 	22 23
0 	21 22
0	20 21
0	15 20
0	10 15
0	5 10
0	0 5